biosdevname=0.7.3-5.3.1
grub2=2.04-22.3.1
grub2-branding-SLE=15-33.3.1
grub2-i386-pc=2.04-22.3.1
grub2-x86_64-efi=2.04-22.3.1
mdadm=4.1-24.6.1
dracut-kiwi-live=9.23.20-3.40.1
dracut-metal-mdsquash=1.9.1-1
kernel-source=5.3.18-59.27.1
kernel-syms=5.3.18-59.19.1
ledmon=0.94-1.59
SLE_HPC-release=15.3-47.3.3
hpe-mlnx-ofed-default=5.4_1.0.3.0_5.3.18_57_default-1.sles15sp3
mft=4.17.0-106
mlnx-ethtool=5.10-1.54103
mlnx-tools=5.2.0-0.54103
