biosdevname=0.7.3-5.3.1
grub2=2.04-150300.22.12.2
grub2-branding-SLE=15-33.3.1
grub2-i386-pc=2.04-150300.22.12.2
grub2-x86_64-efi=2.04-150300.22.12.2
kernel-source=5.3.18-150300.59.43.1
kernel-syms=5.3.18-150300.59.43.1
ledmon=0.94-1.59
SLE_HPC-release=15.3-47.3.3
hpe-mlnx-ofed-default=5.5_1.0.3.2_5.3.18_57_default-1.sles15sp3
mft=4.18.0-106
mlnx-ethtool=5.13-1.55103
mlnx-tools=5.2.0-0.55103
